Festo Didactic LVDAM-ANT File 1.2
Antenna Type : Dipole (1/2 Lambda)

Description
Lab-Volt model : 		9561
Operating Frequency : 	915 MHz
Polarization : 		Lin.
Connector Type : 		SMA


Author : 
Comments : 

P - E - attenuation : 9
P - H - attenuation : 9

Angle	E	H
0	-2.870955	-4.864439
1	-2.906687	-4.845526
2	-2.966116	-4.845526
3	-3.004705	-4.845526
4	-3.026278	-4.842382
5	-3.074076	-4.845526
6	-3.126753	-4.807928
7	-3.166639	-4.804808
8	-3.306581	-4.820429
9	-3.424784	-4.804808
10	-3.46483	-4.792345
11	-3.555559	-4.758245
12	-3.657846	-4.742826
13	-3.754793	-4.733595
14	-3.874254	-4.727453
15	-4.002016	-4.672518
16	-4.13323	-4.615198
17	-4.28768	-4.55559
18	-4.415461	-4.502565
19	-4.540804	-4.450113
20	-4.66342	-4.441427
21	-4.814173	-4.392496
22	-4.976252	-4.358252
23	-5.127272	-4.361097
24	-5.248865	-4.324247
25	-5.426561	-4.284876
26	-5.592688	-4.256948
27	-5.749567	-4.209841
28	-5.892168	-4.171385
29	-6.083742	-4.163183
30	-6.257925	-4.092684
31	-6.46953	-4.06584
32	-6.649542	-4.041807
33	-6.836649	-4.017893
34	-7.031458	-4.002016
35	-7.229456	-3.970415
36	-7.398359	-3.93902
37	-7.595919	-3.905233
38	-7.784613	-3.876829
39	-7.975142	-3.866541
40	-8.154779	-3.861406
41	-8.348188	-3.838362
42	-8.577555	-3.853712
43	-8.782564	-3.83581
44	-8.981951	-3.805269
45	-9.182444	-3.777441
46	-9.40032	-3.744761
47	-9.752295	-3.727251
48	-9.815191	-3.764845
49	-10.0187	-3.79513
50	-10.23173	-3.797663
51	-10.43447	-3.787542
52	-10.6576	-3.782488
53	-10.82403	-3.790071
54	-11.06788	-3.779966
55	-11.28801	-3.815428
56	-11.53279	-3.83581
57	-11.70838	-3.848589
58	-11.82	-3.866541
59	-12.14235	-3.89747
60	-12.3765	-3.902643
61	-12.64089	-3.88714
62	-12.85026	-3.88714
63	-13.10802	-3.874254
64	-13.36197	-3.874254
65	-13.65335	-3.905233
66	-13.94293	-3.925997
67	-14.27855	-3.89747
68	-14.53573	-3.881983
69	-14.86667	-3.925997
70	-15.38556	-3.928598
71	-15.68907	-3.949461
72	-16.17127	-3.97304
73	-16.67345	-3.949461
74	-17.19594	-3.941626
75	-17.68064	-3.946848
76	-18.29897	-3.962545
77	-19.03226	-3.988825
78	-19.73665	-4.002016
79	-20.71812	-4.007303
80	-21.6985	-4.02585
81	-23.47321	-3.996733
82	-25.72517	-4.007303
83	-29.49053	-4.002016
84	-30	-3.994097
85	-30	-4.012594
86	-30	-4.02585
87	-30	-4.084616
88	-30	-4.100767
89	-30	-4.122385
90	-30	-4.165915
91	-30	-4.149546
92	-30	-4.149546
93	-30	-4.149546
94	-30	-4.135946
95	-30	-4.13323
96	-30	-4.095377
97	-30	-4.103464
98	-30	-4.106165
99	-28.61352	-4.100767
100	-26.17263	-4.076559
101	-23.2325	-4.084616
102	-21.54257	-4.060492
103	-20.25133	-4.055143
104	-19.19686	-4.033823
105	-18.23262	-4.057817
106	-17.45793	-4.02585
107	-16.71824	-4.017893
108	-16.13209	-4.007303
109	-15.48427	-3.991461
110	-14.95366	-3.959929
111	-14.45691	-3.962545
112	-13.96604	-3.941626
113	-13.56806	-3.949461
114	-13.10802	-3.920797
115	-12.67509	-3.902643
116	-12.26568	-3.892302
117	-11.92003	-3.881983
118	-11.54605	-3.881983
119	-11.26301	-3.863974
120	-10.95011	-3.848589
121	-10.61424	-3.823061
122	-10.33196	-3.805269
123	-10.0187	-3.785013
124	-9.752295	-3.779966
125	-9.483709	-3.790071
126	-9.229979	-3.764845
127	-8.959368	-3.739752
128	-8.746565	-3.709806
129	-8.529398	-3.719767
130	-8.328482	-3.712294
131	-8.117041	-3.727251
132	-7.884867	-3.72975
133	-7.70363	-3.714785
134	-7.496103	-3.727251
135	-7.297346	-3.777441
136	-7.116747	-3.709806
137	-6.942801	-3.742254
138	-6.74217	-3.734747
139	-6.513899	-3.757303
140	-6.313154	-3.800196
141	-6.178339	-3.79513
142	-6.039156	-3.762331
143	-5.857088	-3.817968
144	-5.719286	-3.777441
145	-5.66675	-3.777441
146	-5.40531	-3.800196
147	-5.279749	-3.843473
148	-5.167463	-3.828157
149	-5.021715	-3.874254
150	-4.912039	-3.861406
151	-4.804808	-3.889719
152	-4.715193	-3.851152
153	-4.609205	-3.871683
154	-4.508429	-3.777441
155	-4.383913	-3.790071
156	-4.298903	-3.83581
157	-4.256948	-3.79513
158	-4.19607	-3.863974
159	-4.108862	-3.861406
160	-4.06584	-3.900057
161	-3.996733	-3.925997
162	-3.892302	-3.957308
163	-3.866541	-3.957308
164	-3.817968	-3.967791
165	-3.742254	-3.999372
166	-3.72975	-4.031164
167	-3.638197	-4.08193
168	-3.762331	-4.092684
169	-3.586988	-4.127806
170	-3.601564	-4.152269
171	-3.555559	-4.152269
172	-3.553148	-4.171385
173	-3.550741	-4.19607
174	-3.555559	-4.212599
175	-3.545927	-4.234724
176	-3.529119	-4.270891
177	-3.55797	-4.276484
178	-3.550741	-4.304522
179	-3.579718	-4.318605
180	-3.58214	-4.318605
181	-4.193323	-4.293287
182	-3.687468	-4.352568
183	-3.680044	-4.381056
184	-3.767363	-4.412584
185	-3.810347	-4.392496
186	-3.856276	-4.406836
187	-3.881983	-4.406836
188	-3.93902	-4.401094
189	-4.002016	-4.389631
190	-4.052473	-4.381056
191	-4.130518	-4.381056
192	-4.149546	-4.363943
193	-4.237494	-4.366789
194	-4.296091	-4.361097
195	-4.34973	-4.327074
196	-4.412584	-4.327074
197	-4.4821	-4.321424
198	-4.561518	-4.27928
199	-4.633226	-4.268103
200	-4.724386	-4.245825
201	-4.811049	-4.187826
202	-4.889769	-4.146822
203	-4.960119	-4.122385
204	-5.067614	-4.068518
205	-5.167463	-4.020544
206	-5.245443	-3.980925
207	-5.342119	-3.949461
208	-5.426561	-3.900057
209	-5.53425	-3.83581
210	-5.63328	-3.805269
211	-5.738192	-3.749773
212	-5.833845	-3.697386
213	-5.967085	-3.675104
214	-6.104147	-3.621065
215	-6.232649	-3.586988
216	-6.308882	-3.541121
217	-6.429953	-3.507597
218	-6.558683	-3.469564
219	-6.663321	-3.445944
220	-6.779737	-3.403715
221	-6.889429	-3.378088
222	-7.031458	-3.357218
223	-7.131956	-3.359533
224	-7.26589	-3.327234
225	-7.387625	-3.283735
226	-7.496103	-3.299715
227	-7.612761	-3.276903
228	-7.761332	-3.29743
229	-7.932798	-3.29743
230	-8.054815	-3.267809
231	-7.956945	-3.254198
232	-8.341608	-3.603998
233	-8.488512	-3.840918
234	-8.647226	-3.25873
235	-8.818842	-3.227091
236	-8.997068	-3.231596
237	-9.166708	-3.213591
238	-9.310305	-3.220335
239	-9.50057	-3.224836
240	-9.672682	-3.24967
241	-9.869799	-3.295145
242	-10.09501	-3.341051
243	-10.31174	-3.368803
244	-10.51818	-3.410727
245	-10.7124	-3.436529
246	-10.99684	-3.467199
247	-11.27549	-3.49806
248	-11.50638	-3.509985
249	-11.82	-3.562792
250	-12.11205	-3.601564
251	-12.39257	-3.655386
252	-12.74431	-3.697386
253	-13.08909	-3.724756
254	-13.42276	-3.779966
255	-13.80683	-3.782488
256	-14.25368	-3.83581
257	-14.67046	-3.889719
258	-15.1333	-3.9182
259	-15.61966	-3.928598
260	-16.21083	-3.97304
261	-16.90258	-4.023199
262	-17.51245	-4.033823
263	-18.36646	-4.06584
264	-19.36866	-4.068518
265	-20.47777	-4.089994
266	-22.03014	-4.100767
267	-23.47321	-4.122385
268	-29.49053	-4.130518
269	-30	-4.144102
270	-30	-4.160452
271	-30	-4.182341
272	-30	-4.179598
273	-30	-4.165915
274	-30	-4.149546
275	-30	-4.141382
276	-30	-4.135946
277	-30	-4.127806
278	-30	-4.146822
279	-30	-4.127806
280	-29.49053	-4.130518
281	-24.94952	-4.149546
282	-22.39211	-4.119677
283	-21.10875	-4.073877
284	-19.73665	-4.089994
285	-18.57614	-4.044474
286	-17.62379	-4.063166
287	-16.76355	-4.036482
288	-16.17127	-4.002016
289	-15.4182	-4.017893
290	-14.89547	-3.962545
291	-14.30358	-3.954691
292	-13.82921	-3.941626
293	-13.34189	-3.905233
294	-12.86817	-3.894888
295	-12.44111	-3.892302
296	-12.03721	-3.876829
297	-11.83415	-3.881983
298	-11.33843	-3.797663
299	-11.09181	-3.76988
300	-10.81274	-3.737249
301	-10.61424	-3.742254
302	-10.31174	-3.687468
303	-9.906569	-3.665236
304	-9.525976	-3.625956
305	-9.158861	-3.621065
306	-8.959368	-3.618624
307	-8.71084	-3.655386
308	-8.481733	-3.662771
309	-8.192823	-3.643099
310	-7.98731	-3.628401
311	-7.778784	-3.621065
312	-7.573553	-3.62351
313	-7.339613	-3.621065
314	-7.131956	-3.603998
315	-6.928183	-3.603998
316	-6.756224	-3.60887
317	-6.527288	-3.630846
318	-6.343161	-3.655386
319	-6.161753	-3.677576
320	-6.002985	-3.692423
321	-5.845453	-3.704836
322	-5.66675	-3.739752
323	-5.508905	-3.787542
324	-5.352594	-3.833258
325	-5.204599	-3.89747
326	-5.080805	-3.915606
327	-4.921618	-3.941626
328	-4.789236	-3.999372
329	-4.681631	-4.007303
330	-4.529005	-4.071196
331	-4.403963	-4.122385
332	-4.298903	-4.19607
333	-4.182341	-4.26531
334	-4.057817	-4.28768
335	-3.952074	-4.335558
336	-3.861406	-4.38677
337	-3.764845	-4.429869
338	-3.687468	-4.467535
339	-3.599131	-4.52606
340	-3.517153	-4.540804
341	-3.420095	-4.588285
342	-3.354906	-4.633226
343	-3.286016	-4.654345
344	-3.054464	-4.657366
345	-3.013323	-4.718252
346	-2.942682	-4.721319
347	-2.898256	-4.783022
348	-2.879339	-4.795458
349	-2.86886	-4.823557
350	-2.835482	-4.817301
351	-2.814737	-4.867598
352	-2.7694	-4.886595
353	-2.787897	-4.880251
354	-2.777613	-4.870756
355	-2.823023	-4.912039
356	-2.812666	-4.94404
357	-2.802328	-4.89612
358	-2.810598	-4.851824
359	-2.847975	-4.851824

	E	H
MSL : 	-2.77	-3.21
MSP : 	352	237
HPBW: 	65.71	0.00
